21
0 0
1.0 0.0
0.8090169943749475 0.5877852522924731
0.30901699437494745 0.9510565162951535
-0.30901699437494734 0.9510565162951536
-0.8090169943749473 0.5877852522924732
-1.0 1.2246467991473532e-16
-0.8090169943749476 -0.587785252292473
-0.30901699437494756 -0.9510565162951535
0.30901699437494723 -0.9510565162951536
0.8090169943749473 -0.5877852522924734
2.0 0.0
1.618033988749895 1.1755705045849463
0.6180339887498949 1.902113032590307
-0.6180339887498947 1.9021130325903073
-1.6180339887498947 1.1755705045849465
-2.0 2.4492935982947064e-16
-1.6180339887498951 -1.175570504584946
-0.6180339887498951 -1.902113032590307
0.6180339887498945 -1.9021130325903073
1.6180339887498947 -1.1755705045849467
