100
0.465 0.353
0.095 0.73
0.384 0.052
0.714 0.121
0.048 0.152
0.428 0.251
0.378 0.429
0.844 0.191
0.464 0.58
0.952 0.438
0.534 0.178
0.314 0.786
0.204 0.211
0.429 0.665
0.439 0.272
0.737 0.322
0.554 0.85
0.043 0.712
0.624 0.944
0.792 0.007
0.25 0.037
0.254 0.775
0.858 0.433
0.464 0.143
0.457 0.164
0.709 0.225
0.994 0.21
0.655 0.232
0.595 0.279
0.736 0.089
0.051 0.146
0.589 0.67
0.7 0.441
0.861 0.867
0.008 0.443
0.523 0.74
0.07 0.195
0.137 0.249
0.804 0.824
0.804 0.652
0.563 0.864
0.634 0.728
0.524 0.826
0.2 0.19
0.13 0.851
0.526 0.878
0.898 0.677
0.134 0.987
0.764 0.307
0.366 0.484
0.915 0.518
0.036 0.251
0.362 0.821
0.912 0.574
0.696 0.264
0.223 0.806
0.22 0.126
0.712 0.146
0.164 0.173
0.31 0.23
0.848 0.781
0.074 0.352
0.434 0.81
0.452 0.629
0.132 0.194
0.51 0.439
0.761 0.45
0.843 0.423
0.408 0.79
0.717 0.303
0.812 0.431
0.439 0.928
0.769 0.626
0.715 0.702
0.034 0.027
0.778 0.756
0.911 0.998
0.165 0.953
0.622 0.091
0.097 0.341
0.145 0.226
0.048 0.225
0.644 0.574
0.551 0.92
0.252 0.129
0.733 0.638
0.633 0.647
0.71 0.724
0.561 0.241
0.133 0.556
0.587 0.659
0.852 0.122
0.52 0.381
0.719 0.594
0.028 0.931
0.18 0.328
0.894 0.409
0.927 0.021
0.617 0.845
0.013 0.559
